1111111100000000121111111111223222210000011111111111100000000000
1555555100000000011555555551102011001100011555555555110000000000
1555555100000000102115555112002111222100001555555555510000002100
1555555100000000102015511202222151100000001555555555511000001000
1555555100000000022021120220000121000000001555555555551100000000
1555555100000000010020021020000010001000001555555555555100000000
1555555100000000000120100121111000013210001555555555555110000000
1511155100000000000132201155551111000000001555555555555510000000
1110155100000000000010012155555551100000001555555555555110000000
1100155100000000000000000211555555110000001551115555551100000000
2100155100000000000000000201555555511100001551011555511000000000
1000155100000000000000000201555555555110001551001155510000000001
0000155100000000000000011211555555555510001551000155110000000012
0000155100000000000000015555555555555511001551000111100000000111
0000155100000000100000222115555555555551101151000011000000001151
0000155100000000200002201015555555555555110151001111100000001551
0000155100000000200001000115555555555555510151011555100000011551
0000155100000000200000001155555555555555511151115551100000115551
0000155100000001200000011555555555555555555555555551000000155551
0000155100000001100000221555555555555555555555555112000001155551
0000155100000001110002201555555555555555555555555101000001555551
0000155100000001511001012511211111211155555555511100000011555551
0000155100000001552100101210101100100155555551110000000015555551
0000155100000001151001320200000000001155555111000000000115555551
0000155100000000151000032200000000011555511100121000000155555551
0000155100000000122100020000000000015555510001310000001155555551
0000155100000000020000010000000000115555511000100000001155555551
0000155100000000020000000000000001155555551000000000010155555551
0000155100000000020000000000000011555555551000000000021155555551
0000155100000000010000000000000115555555551000000000015555555551
0000155100000000001000000000001151111555552100100000115555555551
0000155100000000101000000000011111001155511000200000155555555551
0000155100000001310000000000011100000151110000200000155555555551
0000155100000012100000000001121000100111001000200001155555555551
0000155100000011000000000001110100221011001000200001555555555551
0000155100001200000001000002101210011011110000200001555555555551
0000155100000100000012000022001511111115510000200011555555555551
0000155100010000000000000020001555551115511000100015555555555551
0000155100020000000000000220012555551015551000010015555555555551
0000155100010000000000000100001555511011511000020115555555555551
0000155100000000000000021000001555510101510000020155555555555551
0000155100000000000000020000001555511201510000020155555555555551
0000155100000000010001010000011555555111110000020155555555555551
0000155100000000020022000000011151111121200000021155555555555551
0000155100000000010120000000000151000020100000015555555111555551
0000155100000000000000000000000111100121000000015555555101555551
0000155100000000000000000000000011111111000000015555555101555551
0000155100000000000000000000000001155510000000015555555101555511
0000155100000000000000000000000000155510000000021111111101555110
0000115210000001000120000000000122155511000000020000011011551100
1000015100000001000010000000000001555551110000021110000015511000
2200015110000000000100000000000001555555511100015511100015110000
0220015110000000000100000000000001555555555100015555100115100000
0020015100000000000000100000000111555555555110015551100151100000
0020015210000000000000100000000155555555555511015551012151000000
0020015100000000000121000000000155555555555551015551101551000000
0020015110000000000000000000000155555555555551011555101511000000
0021015110000000000001100000000155555555555551001111111510000000
0011015100000000000000000000001155555555555551100001115110000000
0011015100000000000000000000001555555555555555100000015100000000
0011015100000000000000000000011555555555555555100000021100000000
0011015100000000000000000000011555555555555555110000010000000000
0011015100000000000000000000001555555555555555510000000000000000
0011011100000000000000000000012111111111111111110000000000000000
